v2.0 raw
00000005
00000006
00000035
0000000d
00000000
80000000
00000001
00000003
00000003
00000001
00000002
00000008
00000003
00000001
00000005
0000000c
00000006
0000001d
00000001
00000003
00000003
00000001
00000002
00000002
00000003
00000004
00000002
00000002
0000000b
0000000b
00000002
00000005
00000001
00000003
0000000f
0000000a
00000002
00000004
00000006
00000037
00000001
00000005
00000003
00000001
00000002
00000009
00000002
00000005
00000001
00000004
0000000a
00000002
00000004
00000005
00000026
00000001
00000005
0000000e
00000002
00000005
00000007
00000000